ICEX16 with 1m ice
N J Z 0
900 900 1 0
244
0	0	0	0	0	0	0		
0	3600	1800	0.216	0.648	0.9	0		
1	3600	-3600	0.216	0.648	0.9	-0.2	19.1	2.5
1	1433	-999.999	0	0	1	0		
14.93758697	1433.047223	-999.999	0	0	1	0		
15.93758697	1433.101901	-999.999	0	0	1	0		
16.93758697	1433.158539	-999.999	0	0	1	0		
19.93758697	1433.322841	-999.999	0	0	1	0		
21.93758697	1433.406339	-999.999	0	0	1	0		
22.93758697	1433.43412	-999.999	0	0	1	0		
24.93758697	1433.492677	-999.999	0	0	1	0		
26.93758697	1433.542419	-999.999	0	0	1	0		
28.93758697	1433.598092	-999.999	0	0	1	0		
30.93758697	1433.664128	-999.999	0	0	1	0		
32.93758697	1433.754073	-999.999	0	0	1	0		
34.93758697	1433.882606	-999.999	0	0	1	0		
36.93758697	1434.07851	-999.999	0	0	1	0		
38.93758697	1434.428536	-999.999	0	0	1	0		
40.93758697	1434.949606	-999.999	0	0	1	0		
42.93758697	1435.608933	-999.999	0	0	1	0		
44.93758697	1436.478966	-999.999	0	0	1	0		
46.93758697	1437.454657	-999.999	0	0	1	0		
48.93758697	1438.465451	-999.999	0	0	1	0		
49.93758697	1438.988926	-999.999	0	0	1	0		
51.93758697	1440.054637	-999.999	0	0	1	0		
52.93758697	1440.578979	-999.999	0	0	1	0		
54.93758697	1441.573886	-999.999	0	0	1	0		
56.93758697	1442.474133	-999.999	0	0	1	0		
58.93758697	1443.217893	-999.999	0	0	1	0		
60.93758697	1443.772314	-999.999	0	0	1	0		
62.93758697	1444.134221	-999.999	0	0	1	0		
64.93758697	1444.332333	-999.999	0	0	1	0		
66.93758697	1444.408324	-999.999	0	0	1	0		
68.93758697	1444.395967	-999.999	0	0	1	0		
70.93758697	1444.325849	-999.999	0	0	1	0		
71.93758697	1444.275236	-999.999	0	0	1	0		
73.93758697	1444.159757	-999.999	0	0	1	0		
74.93758697	1444.094449	-999.999	0	0	1	0		
76.93758697	1443.953849	-999.999	0	0	1	0		
78.93758697	1443.807418	-999.999	0	0	1	0		
80.93758697	1443.663993	-999.999	0	0	1	0		
82.93758697	1443.52161	-999.999	0	0	1	0		
84.93758697	1443.379693	-999.999	0	0	1	0		
86.93758697	1443.245135	-999.999	0	0	1	0		
88.93758697	1443.118655	-999.999	0	0	1	0		
90.93758697	1442.996505	-999.999	0	0	1	0		
91.93758697	1442.93739	-999.999	0	0	1	0		
93.93758697	1442.822442	-999.999	0	0	1	0		
94.93758697	1442.766648	-999.999	0	0	1	0		
96.93758697	1442.656474	-999.999	0	0	1	0		
97.93758697	1442.606283	-999.999	0	0	1	0		
99.93758697	1442.505319	-999.999	0	0	1	0		
101.937587	1442.407657	-999.999	0	0	1	0		
103.937587	1442.313238	-999.999	0	0	1	0		
105.937587	1442.223055	-999.999	0	0	1	0		
107.937587	1442.139859	-999.999	0	0	1	0		
109.937587	1442.06299	-999.999	0	0	1	0		
110.937587	1442.026221	-999.999	0	0	1	0		
112.937587	1441.961579	-999.999	0	0	1	0		
113.937587	1441.93449	-999.999	0	0	1	0		
115.937587	1441.886369	-999.999	0	0	1	0		
117.937587	1441.847676	-999.999	0	0	1	0		
119.937587	1441.818976	-999.999	0	0	1	0		
121.937587	1441.800529	-999.999	0	0	1	0		
123.937587	1441.78881	-999.999	0	0	1	0		
125.937587	1441.7858	-999.999	0	0	1	0		
127.937587	1441.790854	-999.999	0	0	1	0		
128.937587	1441.795285	-999.999	0	0	1	0		
130.937587	1441.808174	-999.999	0	0	1	0		
131.937587	1441.816488	-999.999	0	0	1	0		
133.937587	1441.833629	-999.999	0	0	1	0		
135.937587	1441.853197	-999.999	0	0	1	0		
137.937587	1441.874394	-999.999	0	0	1	0		
139.937587	1441.895692	-999.999	0	0	1	0		
141.937587	1441.917185	-999.999	0	0	1	0		
143.937587	1441.940047	-999.999	0	0	1	0		
145.937587	1441.964232	-999.999	0	0	1	0		
146.937587	1441.976238	-999.999	0	0	1	0		
148.937587	1442.000241	-999.999	0	0	1	0		
149.937587	1442.012787	-999.999	0	0	1	0		
151.937587	1442.038428	-999.999	0	0	1	0		
153.937587	1442.06408	-999.999	0	0	1	0		
155.937587	1442.089227	-999.999	0	0	1	0		
157.937587	1442.113396	-999.999	0	0	1	0		
159.937587	1442.136536	-999.999	0	0	1	0		
161.937587	1442.158677	-999.999	0	0	1	0		
163.937587	1442.180117	-999.999	0	0	1	0		
164.937587	1442.190695	-999.999	0	0	1	0		
166.937587	1442.211147	-999.999	0	0	1	0		
167.937587	1442.221012	-999.999	0	0	1	0		
169.937587	1442.241052	-999.999	0	0	1	0		
171.937587	1442.26113	-999.999	0	0	1	0		
173.937587	1442.281736	-999.999	0	0	1	0		
175.937587	1442.303274	-999.999	0	0	1	0		
177.937587	1442.324679	-999.999	0	0	1	0		
179.937587	1442.348593	-999.999	0	0	1	0		
180.937587	1442.361551	-999.999	0	0	1	0		
182.937587	1442.388835	-999.999	0	0	1	0		
183.937587	1442.403153	-999.999	0	0	1	0		
185.937587	1442.435386	-999.999	0	0	1	0		
186.937587	1442.45396	-999.999	0	0	1	0		
188.937587	1442.493182	-999.999	0	0	1	0		
190.937587	1442.53683	-999.999	0	0	1	0		
192.937587	1442.585162	-999.999	0	0	1	0		
194.937587	1442.638949	-999.999	0	0	1	0		
196.937587	1442.699495	-999.999	0	0	1	0		
197.937587	1442.732662	-999.999	0	0	1	0		
199.937587	1442.804074	-999.999	0	0	1	0		
200.937587	1442.842468	-999.999	0	0	1	0		
202.937587	1442.922457	-999.999	0	0	1	0		
204.937587	1443.009687	-999.999	0	0	1	0		
206.937587	1443.105384	-999.999	0	0	1	0		
208.937587	1443.208993	-999.999	0	0	1	0		
210.937587	1443.321205	-999.999	0	0	1	0		
212.937587	1443.444123	-999.999	0	0	1	0		
214.937587	1443.577845	-999.999	0	0	1	0		
215.937587	1443.647972	-999.999	0	0	1	0		
217.937587	1443.796564	-999.999	0	0	1	0		
218.937587	1443.875699	-999.999	0	0	1	0		
220.937587	1444.040325	-999.999	0	0	1	0		
222.937587	1444.216542	-999.999	0	0	1	0		
224.937587	1444.40177	-999.999	0	0	1	0		
226.937587	1444.597521	-999.999	0	0	1	0		
228.937587	1444.804396	-999.999	0	0	1	0		
230.937587	1445.018759	-999.999	0	0	1	0		
232.937587	1445.237701	-999.999	0	0	1	0		
233.937587	1445.349115	-999.999	0	0	1	0		
235.937587	1445.573643	-999.999	0	0	1	0		
236.937587	1445.690766	-999.999	0	0	1	0		
238.937587	1445.933443	-999.999	0	0	1	0		
240.937587	1446.189261	-999.999	0	0	1	0		
242.937587	1446.451132	-999.999	0	0	1	0		
244.937587	1446.689737	-999.999	0	0	1	0		
246.937587	1446.929373	-999.999	0	0	1	0		
248.937587	1447	-999.999	0	0	1	0		
250.937587	1447.075734	-999.999	0	0	1	0		
254.937587	1447.568737	-999.999	0	0	1	0		
259.937587	1448.132488	-999.999	0	0	1	0		
265.937587	1448.810434	-999.999	0	0	1	0		
272.937587	1449.56719	-999.999	0	0	1	0		
279.937587	1450.30305	-999.999	0	0	1	0		
286.937587	1450.999905	-999.999	0	0	1	0		
294.937587	1451.764046	-999.999	0	0	1	0		
301.937587	1452.390932	-999.999	0	0	1	0		
309.937587	1453.087646	-999.999	0	0	1	0		
316.937587	1453.647075	-999.999	0	0	1	0		
323.937587	1454.188712	-999.999	0	0	1	0		
331.937587	1454.755025	-999.999	0	0	1	0		
338.937587	1455.206614	-999.999	0	0	1	0		
346.937587	1455.70907	-999.999	0	0	1	0		
353.937587	1456.133307	-999.999	0	0	1	0		
360.937587	1456.532316	-999.999	0	0	1	0		
367.937587	1456.899036	-999.999	0	0	1	0		
374.937587	1457.232292	-999.999	0	0	1	0		
382.937587	1457.571443	-999.999	0	0	1	0		
389.937587	1457.821265	-999.999	0	0	1	0		
396.937587	1458.03618	-999.999	0	0	1	0		
404.937587	1458.273663	-999.999	0	0	1	0		
411.937587	1458.496728	-999.999	0	0	1	0		
419.937587	1458.756137	-999.999	0	0	1	0		
426.937587	1458.963759	-999.999	0	0	1	0		
433.937587	1459.153871	-999.999	0	0	1	0		
440.937587	1459.315581	-999.999	0	0	1	0		
447.937587	1459.473704	-999.999	0	0	1	0		
454.937587	1459.644914	-999.999	0	0	1	0		
461.937587	1459.807688	-999.999	0	0	1	0		
469.937587	1459.96715	-999.999	0	0	1	0		
476.937587	1460.082401	-999.999	0	0	1	0		
483.937587	1460.179587	-999.999	0	0	1	0		
491.937587	1460.295314	-999.999	0	0	1	0		
498.937587	1460.382358	-999.999	0	0	1	0		
506.937587	1460.481002	-999.999	0	0	1	0		
513.937587	1460.574898	-999.999	0	0	1	0		
520.937587	1460.667657	-999.999	0	0	1	0		
527.937587	1460.76345	-999.999	0	0	1	0		
534.937587	1460.849866	-999.999	0	0	1	0		
542.937587	1460.937901	-999.999	0	0	1	0		
549.937587	1461.002875	-999.999	0	0	1	0		
557.937587	1461.071843	-999.999	0	0	1	0		
564.937587	1461.128479	-999.999	0	0	1	0		
572.937587	1461.218577	-999.999	0	0	1	0		
579.937587	1461.300464	-999.999	0	0	1	0		
587.937587	1461.377738	-999.999	0	0	1	0		
594.937587	1461.439677	-999.999	0	0	1	0		
601.937587	1461.49719	-999.999	0	0	1	0		
609.937587	1461.560871	-999.999	0	0	1	0		
616.937587	1461.617202	-999.999	0	0	1	0		
624.937587	1461.688743	-999.999	0	0	1	0		
631.937587	1461.76247	-999.999	0	0	1	0		
639.937587	1461.843532	-999.999	0	0	1	0		
647.937587	1461.924649	-999.999	0	0	1	0		
654.937587	1461.996082	-999.999	0	0	1	0		
662.937587	1462.077458	-999.999	0	0	1	0		
670.937587	1462.159368	-999.999	0	0	1	0		
677.937587	1462.231653	-999.999	0	0	1	0		
684.937587	1462.303962	-999.999	0	0	1	0		
692.937587	1462.38816	-999.999	0	0	1	0		
700.937587	1462.471583	-999.999	0	0	1	0		
708.937587	1462.554382	-999.999	0	0	1	0		
716.937587	1462.636508	-999.999	0	0	1	0		
723.937587	1462.7068	-999.999	0	0	1	0		
731.937587	1462.786554	-999.999	0	0	1	0		
735.937587	1462.827425	-999.999	0	0	1	0		
739.937587	1462.863375	-999.999	0	0	1	0		
740.3138	1462.867137	-999.999	0	0	1	0		
742.3532	1462.887531	-999.999	0	0	1	0		
744.3927	1462.907926	-999.999	0	0	1	0		
746.4321	1462.92832	-999.999	0	0	1	0		
748.4715	1462.948714	-999.999	0	0	1	0		
750.511	1462.969109	-999.999	0	0	1	0		
752.5504	1462.989503	-999.999	0	0	1	0		
754.5898	1463.009897	-999.999	0	0	1	0		
756.6293	1463.030292	-999.999	0	0	1	0		
758.6687	1463.050686	-999.999	0	0	1	0		
760.7081	1463.07108	-999.999	0	0	1	0		
762.7476	1463.091475	-999.999	0	0	1	0		
764.787	1463.111869	-999.999	0	0	1	0		
766.8264	1463.132263	-999.999	0	0	1	0		
768.8659	1463.152658	-999.999	0	0	1	0		
770.9053	1463.173052	-999.999	0	0	1	0		
800	1463.463999	-999.999	0	0	1	0		
900	1464.463999	-999.999	0	0	1	0		
1000	1465.463999	-999.999	0	0	1	0		
1100	1466.463999	-999.999	0	0	1	0		
1200	1467.463999	-999.999	0	0	1	0		
1300	1468.463999	-999.999	0	0	1	0		
1400	1469.463999	-999.999	0	0	1	0		
1500	1470.463999	-999.999	0	0	1	0		
1600	1471.463999	-999.999	0	0	1	0		
1700	1472.463999	-999.999	0	0	1	0		
1800	1473.463999	-999.999	0	0	1	0		
1900	1474.463999	-999.999	0	0	1	0		
2000	1475.463999	-999.999	0	0	1	0		
2100	1476.463999	-999.999	0	0	1	0		
2200	1477.463999	-999.999	0	0	1	0		
2300	1478.463999	-999.999	0	0	1	0		
2400	1479.463999	-999.999	0	0	1	0		
2500	1480.463999	-999.999	0	0	1	0		
2600	1481.463999	-999.999	0	0	1	0		
2700	1482.463999	-999.999	0	0	1	0		
2800	1483.463999	-999.999	0	0	1	0		
2900	1484.463999	-999.999	0	0	1	0		
3000	1485.463999	-1498.7209	0	0	1	0		
3000	2200	1500	0.5	0.5	2.9	0		

56
5 0 0 1 -1
15 0 0 1 -1
25 0 0 1 -1
35 0 0 1 -1
45 0 0 1 -1
55 0 0 1 -1
65 0 0 1 -1
75 0 0 1 -1
85 0 0 1 -1
95 0 0 1 -1
105 0 0 1 -1
115 0 0 1 -1
125 0 0 1 -1
135 0 0 1 -1
145 0 0 1 -1
155 0 0 1 -1
165 0 0 1 -1
175 0 0 1 -1
185 0 0 1 -1
195 0 0 1 -1
205 0 0 1 -1
215 0 0 1 -1
225 0 0 1 -1
235 0 0 1 -1
245 0 0 1 -1
255 0 0 1 -1
265 0 0 1 -1
275 0 0 1 -1
285 0 0 1 -1
295 0 0 1 -1
305 0 0 1 -1
325 0 0 1 -1
340 0 0 1 -1
360 0 0 1 -1
380 0 0 1 -1
400 0 0 1 -1
420 0 0 1 -1
440 0 0 1 -1
460 0 0 1 -1
480 0 0 1 -1
500 0 0 1 -1
520 0 0 1 -1
540 0 0 1 -1
560 0 0 1 -1
580 0 0 1 -1
600 0 0 1 -1
620 0 0 1 -1
640 0 0 1 -1
660 0 0 1 -1
680 0 0 1 -1
700 0 0 1 -1
720 0 0 1 -1
740 0 0 1 -1
760 0 0 1 -1
780 0 0 1 -1
800 0 0 1 -1

80 0 0 0

1300 1500
400 20000 400

1400 1600 5 10 
0 4000 5 100
