ICEX16 with 1m ice
N J Z 0
900 900 1 0
244
0	0	0	0	0	0	0		
0	3600	1800	0.216	0.648	0.9	0		
1	3600	-3600	0.216	0.648	0.9	-0.2	19.1	2.5
1	1434.8	-999.999	0	0	1	0		
14.93758697	1434.830795	-999.999	0	0	1	0		
15.93758697	1434.982648	-999.999	0	0	1	0		
16.93758697	1435.134264	-999.999	0	0	1	0		
19.93758697	1435.50939	-999.999	0	0	1	0		
21.93758697	1435.562825	-999.999	0	0	1	0		
22.93758697	1435.480741	-999.999	0	0	1	0		
24.93758697	1435.51437	-999.999	0	0	1	0		
26.93758697	1435.591464	-999.999	0	0	1	0		
28.93758697	1435.676475	-999.999	0	0	1	0		
30.93758697	1435.78487	-999.999	0	0	1	0		
32.93758697	1435.950702	-999.999	0	0	1	0		
34.93758697	1436.196685	-999.999	0	0	1	0		
36.93758697	1436.586303	-999.999	0	0	1	0		
38.93758697	1437.14508	-999.999	0	0	1	0		
40.93758697	1437.957804	-999.999	0	0	1	0		
42.93758697	1438.933949	-999.999	0	0	1	0		
44.93758697	1440.056397	-999.999	0	0	1	0		
46.93758697	1441.442808	-999.999	0	0	1	0		
48.93758697	1442.902391	-999.999	0	0	1	0		
49.93758697	1443.643073	-999.999	0	0	1	0		
51.93758697	1445.047751	-999.999	0	0	1	0		
52.93758697	1445.644517	-999.999	0	0	1	0		
54.93758697	1446.513412	-999.999	0	0	1	0		
56.93758697	1446.913964	-999.999	0	0	1	0		
58.93758697	1446.937376	-999.999	0	0	1	0		
60.93758697	1446.731802	-999.999	0	0	1	0		
62.93758697	1446.463509	-999.999	0	0	1	0		
64.93758697	1446.256268	-999.999	0	0	1	0		
66.93758697	1446.09438	-999.999	0	0	1	0		
68.93758697	1445.971044	-999.999	0	0	1	0		
70.93758697	1445.866048	-999.999	0	0	1	0		
71.93758697	1445.798642	-999.999	0	0	1	0		
73.93758697	1445.668799	-999.999	0	0	1	0		
74.93758697	1445.607014	-999.999	0	0	1	0		
76.93758697	1445.446459	-999.999	0	0	1	0		
78.93758697	1445.286147	-999.999	0	0	1	0		
80.93758697	1445.122294	-999.999	0	0	1	0		
82.93758697	1444.964161	-999.999	0	0	1	0		
84.93758697	1444.824241	-999.999	0	0	1	0		
86.93758697	1444.701289	-999.999	0	0	1	0		
88.93758697	1444.596898	-999.999	0	0	1	0		
90.93758697	1444.4883	-999.999	0	0	1	0		
91.93758697	1444.432803	-999.999	0	0	1	0		
93.93758697	1444.33354	-999.999	0	0	1	0		
94.93758697	1444.291806	-999.999	0	0	1	0		
96.93758697	1444.197822	-999.999	0	0	1	0		
97.93758697	1444.149229	-999.999	0	0	1	0		
99.93758697	1444.053418	-999.999	0	0	1	0		
101.937587	1443.951544	-999.999	0	0	1	0		
103.937587	1443.835581	-999.999	0	0	1	0		
105.937587	1443.718002	-999.999	0	0	1	0		
107.937587	1443.603132	-999.999	0	0	1	0		
109.937587	1443.487999	-999.999	0	0	1	0		
110.937587	1443.430714	-999.999	0	0	1	0		
112.937587	1443.319759	-999.999	0	0	1	0		
113.937587	1443.270135	-999.999	0	0	1	0		
115.937587	1443.173042	-999.999	0	0	1	0		
117.937587	1443.083441	-999.999	0	0	1	0		
119.937587	1443.003116	-999.999	0	0	1	0		
121.937587	1442.936739	-999.999	0	0	1	0		
123.937587	1442.881122	-999.999	0	0	1	0		
125.937587	1442.827807	-999.999	0	0	1	0		
127.937587	1442.780241	-999.999	0	0	1	0		
128.937587	1442.760042	-999.999	0	0	1	0		
130.937587	1442.729102	-999.999	0	0	1	0		
131.937587	1442.717819	-999.999	0	0	1	0		
133.937587	1442.703291	-999.999	0	0	1	0		
135.937587	1442.692992	-999.999	0	0	1	0		
137.937587	1442.690013	-999.999	0	0	1	0		
139.937587	1442.693262	-999.999	0	0	1	0		
141.937587	1442.695952	-999.999	0	0	1	0		
143.937587	1442.699163	-999.999	0	0	1	0		
145.937587	1442.704374	-999.999	0	0	1	0		
146.937587	1442.706984	-999.999	0	0	1	0		
148.937587	1442.7116	-999.999	0	0	1	0		
149.937587	1442.713503	-999.999	0	0	1	0		
151.937587	1442.720736	-999.999	0	0	1	0		
153.937587	1442.729191	-999.999	0	0	1	0		
155.937587	1442.737754	-999.999	0	0	1	0		
157.937587	1442.746387	-999.999	0	0	1	0		
159.937587	1442.75634	-999.999	0	0	1	0		
161.937587	1442.765955	-999.999	0	0	1	0		
163.937587	1442.776232	-999.999	0	0	1	0		
164.937587	1442.781699	-999.999	0	0	1	0		
166.937587	1442.792389	-999.999	0	0	1	0		
167.937587	1442.797596	-999.999	0	0	1	0		
169.937587	1442.809174	-999.999	0	0	1	0		
171.937587	1442.823631	-999.999	0	0	1	0		
173.937587	1442.840744	-999.999	0	0	1	0		
175.937587	1442.858056	-999.999	0	0	1	0		
177.937587	1442.875197	-999.999	0	0	1	0		
179.937587	1442.894584	-999.999	0	0	1	0		
180.937587	1442.906129	-999.999	0	0	1	0		
182.937587	1442.933039	-999.999	0	0	1	0		
183.937587	1442.948819	-999.999	0	0	1	0		
185.937587	1442.981912	-999.999	0	0	1	0		
186.937587	1442.999467	-999.999	0	0	1	0		
188.937587	1443.03969	-999.999	0	0	1	0		
190.937587	1443.087531	-999.999	0	0	1	0		
192.937587	1443.143985	-999.999	0	0	1	0		
194.937587	1443.211037	-999.999	0	0	1	0		
196.937587	1443.289523	-999.999	0	0	1	0		
197.937587	1443.330223	-999.999	0	0	1	0		
199.937587	1443.422406	-999.999	0	0	1	0		
200.937587	1443.471909	-999.999	0	0	1	0		
202.937587	1443.57801	-999.999	0	0	1	0		
204.937587	1443.696683	-999.999	0	0	1	0		
206.937587	1443.829716	-999.999	0	0	1	0		
208.937587	1443.974438	-999.999	0	0	1	0		
210.937587	1444.132015	-999.999	0	0	1	0		
212.937587	1444.30531	-999.999	0	0	1	0		
214.937587	1444.492878	-999.999	0	0	1	0		
215.937587	1444.59125	-999.999	0	0	1	0		
217.937587	1444.799612	-999.999	0	0	1	0		
218.937587	1444.909791	-999.999	0	0	1	0		
220.937587	1445.137092	-999.999	0	0	1	0		
222.937587	1445.375592	-999.999	0	0	1	0		
224.937587	1445.620074	-999.999	0	0	1	0		
226.937587	1445.875081	-999.999	0	0	1	0		
228.937587	1446.145353	-999.999	0	0	1	0		
230.937587	1446.422035	-999.999	0	0	1	0		
232.937587	1446.702638	-999.999	0	0	1	0		
233.937587	1446.847092	-999.999	0	0	1	0		
235.937587	1447.141311	-999.999	0	0	1	0		
236.937587	1447.294737	-999.999	0	0	1	0		
238.937587	1447.616337	-999.999	0	0	1	0		
240.937587	1447.960131	-999.999	0	0	1	0		
242.937587	1448.311764	-999.999	0	0	1	0		
244.937587	1448.704138	-999.999	0	0	1	0		
246.937587	1449.096405	-999.999	0	0	1	0		
248.937587	1449.635678	-999.999	0	0	1	0		
250.937587	1449.982642	-999.999	0	0	1	0		
254.937587	1450.615322	-999.999	0	0	1	0		
259.937587	1451.320178	-999.999	0	0	1	0		
265.937587	1452.106116	-999.999	0	0	1	0		
272.937587	1452.958613	-999.999	0	0	1	0		
279.937587	1453.686765	-999.999	0	0	1	0		
286.937587	1454.384825	-999.999	0	0	1	0		
294.937587	1455.108168	-999.999	0	0	1	0		
301.937587	1455.629371	-999.999	0	0	1	0		
309.937587	1456.149823	-999.999	0	0	1	0		
316.937587	1456.525215	-999.999	0	0	1	0		
323.937587	1456.868359	-999.999	0	0	1	0		
331.937587	1457.210742	-999.999	0	0	1	0		
338.937587	1457.465169	-999.999	0	0	1	0		
346.937587	1457.833988	-999.999	0	0	1	0		
353.937587	1458.180398	-999.999	0	0	1	0		
360.937587	1458.474178	-999.999	0	0	1	0		
367.937587	1458.762567	-999.999	0	0	1	0		
374.937587	1459.010187	-999.999	0	0	1	0		
382.937587	1459.255976	-999.999	0	0	1	0		
389.937587	1459.418962	-999.999	0	0	1	0		
396.937587	1459.550885	-999.999	0	0	1	0		
404.937587	1459.714975	-999.999	0	0	1	0		
411.937587	1459.902188	-999.999	0	0	1	0		
419.937587	1460.136379	-999.999	0	0	1	0		
426.937587	1460.322308	-999.999	0	0	1	0		
433.937587	1460.492885	-999.999	0	0	1	0		
440.937587	1460.631829	-999.999	0	0	1	0		
447.937587	1460.768292	-999.999	0	0	1	0		
454.937587	1460.934371	-999.999	0	0	1	0		
461.937587	1461.090038	-999.999	0	0	1	0		
469.937587	1461.227551	-999.999	0	0	1	0		
476.937587	1461.320324	-999.999	0	0	1	0		
483.937587	1461.400193	-999.999	0	0	1	0		
491.937587	1461.354642	-999.999	0	0	1	0		
498.937587	1461.428169	-999.999	0	0	1	0		
506.937587	1461.5189	-999.999	0	0	1	0		
513.937587	1461.610735	-999.999	0	0	1	0		
520.937587	1461.723696	-999.999	0	0	1	0		
527.937587	1461.823262	-999.999	0	0	1	0		
534.937587	1461.911859	-999.999	0	0	1	0		
542.937587	1461.990767	-999.999	0	0	1	0		
549.937587	1462.054654	-999.999	0	0	1	0		
557.937587	1462.10521	-999.999	0	0	1	0		
564.937587	1462.153652	-999.999	0	0	1	0		
572.937587	1461.901053	-999.999	0	0	1	0		
579.937587	1461.68695	-999.999	0	0	1	0		
587.937587	1461.73509	-999.999	0	0	1	0		
594.937587	1461.79771	-999.999	0	0	1	0		
601.937587	1461.855317	-999.999	0	0	1	0		
609.937587	1461.919022	-999.999	0	0	1	0		
616.937587	1461.978205	-999.999	0	0	1	0		
624.937587	1462.038822	-999.999	0	0	1	0		
631.937587	1462.056539	-999.999	0	0	1	0		
639.937587	1462.140054	-999.999	0	0	1	0		
647.937587	1462.223201	-999.999	0	0	1	0		
654.937587	1462.2971	-999.999	0	0	1	0		
662.937587	1462.381603	-999.999	0	0	1	0		
670.937587	1462.469048	-999.999	0	0	1	0		
677.937587	1462.544585	-999.999	0	0	1	0		
684.937587	1462.621305	-999.999	0	0	1	0		
692.937587	1462.70604	-999.999	0	0	1	0		
700.937587	1462.793898	-999.999	0	0	1	0		
708.937587	1462.879951	-999.999	0	0	1	0		
716.937587	1462.962911	-999.999	0	0	1	0		
723.937587	1463.033915	-999.999	0	0	1	0		
731.937587	1463.116314	-999.999	0	0	1	0		
735.937587	1463.152174	-999.999	0	0	1	0		
739.937587	1463.192555	-999.999	0	0	1	0		
740.3138	1463.196317	-999.999	0	0	1	0		
742.3532	1463.216711	-999.999	0	0	1	0		
744.3927	1463.237106	-999.999	0	0	1	0		
746.4321	1463.2575	-999.999	0	0	1	0		
748.4715	1463.277894	-999.999	0	0	1	0		
750.511	1463.298289	-999.999	0	0	1	0		
752.5504	1463.318683	-999.999	0	0	1	0		
754.5898	1463.339077	-999.999	0	0	1	0		
756.6293	1463.359472	-999.999	0	0	1	0		
758.6687	1463.379866	-999.999	0	0	1	0		
760.7081	1463.40026	-999.999	0	0	1	0		
762.7476	1463.420655	-999.999	0	0	1	0		
764.787	1463.441049	-999.999	0	0	1	0		
766.8264	1463.461443	-999.999	0	0	1	0		
768.8659	1463.481838	-999.999	0	0	1	0		
770.9053	1463.502232	-999.999	0	0	1	0		
800	1463.793179	-999.999	0	0	1	0		
900	1464.793179	-999.999	0	0	1	0		
1000	1465.793179	-999.999	0	0	1	0		
1100	1466.793179	-999.999	0	0	1	0		
1200	1467.793179	-999.999	0	0	1	0		
1300	1468.793179	-999.999	0	0	1	0		
1400	1469.793179	-999.999	0	0	1	0		
1500	1470.793179	-999.999	0	0	1	0		
1600	1471.793179	-999.999	0	0	1	0		
1700	1472.793179	-999.999	0	0	1	0		
1800	1473.793179	-999.999	0	0	1	0		
1900	1474.793179	-999.999	0	0	1	0		
2000	1475.793179	-999.999	0	0	1	0		
2100	1476.793179	-999.999	0	0	1	0		
2200	1477.793179	-999.999	0	0	1	0		
2300	1478.793179	-999.999	0	0	1	0		
2400	1479.793179	-999.999	0	0	1	0		
2500	1480.793179	-999.999	0	0	1	0		
2600	1481.793179	-999.999	0	0	1	0		
2700	1482.793179	-999.999	0	0	1	0		
2800	1483.793179	-999.999	0	0	1	0		
2900	1484.793179	-999.999	0	0	1	0		
3000	1485.793179	-1485.793179	0	0	1	0		
3000	2200	1500	0.5	0.5	2.9	0		

56
5 0 0 1 -1
15 0 0 1 -1
25 0 0 1 -1
35 0 0 1 -1
45 0 0 1 -1
55 0 0 1 -1
65 0 0 1 -1
75 0 0 1 -1
85 0 0 1 -1
95 0 0 1 -1
105 0 0 1 -1
115 0 0 1 -1
125 0 0 1 -1
135 0 0 1 -1
145 0 0 1 -1
155 0 0 1 -1
165 0 0 1 -1
175 0 0 1 -1
185 0 0 1 -1
195 0 0 1 -1
205 0 0 1 -1
215 0 0 1 -1
225 0 0 1 -1
235 0 0 1 -1
245 0 0 1 -1
255 0 0 1 -1
265 0 0 1 -1
275 0 0 1 -1
285 0 0 1 -1
295 0 0 1 -1
305 0 0 1 -1
325 0 0 1 -1
340 0 0 1 -1
360 0 0 1 -1
380 0 0 1 -1
400 0 0 1 -1
420 0 0 1 -1
440 0 0 1 -1
460 0 0 1 -1
480 0 0 1 -1
500 0 0 1 -1
520 0 0 1 -1
540 0 0 1 -1
560 0 0 1 -1
580 0 0 1 -1
600 0 0 1 -1
620 0 0 1 -1
640 0 0 1 -1
660 0 0 1 -1
680 0 0 1 -1
700 0 0 1 -1
720 0 0 1 -1
740 0 0 1 -1
760 0 0 1 -1
780 0 0 1 -1
800 0 0 1 -1

80 0 0 0

1300 1500
400 20000 400

1400 1600 5 10 
0 4000 5 100
