ICEX16 with 1m ice
N J Z 0
900 900 1 0
244
0	0	0	0	0	0	0		
0	3600	1800	0.216	0.648	0.9	0		
1	3600	-3600	0.216	0.648	0.9	-0.2	19.1	2.5
1	1431.2	-999.999	0	0	1	0		
14.93758697	1431.263651	-999.999	0	0	1	0		
15.93758697	1431.221154	-999.999	0	0	1	0		
16.93758697	1431.182815	-999.999	0	0	1	0		
19.93758697	1431.136291	-999.999	0	0	1	0		
21.93758697	1431.249853	-999.999	0	0	1	0		
22.93758697	1431.387499	-999.999	0	0	1	0		
24.93758697	1431.470984	-999.999	0	0	1	0		
26.93758697	1431.493374	-999.999	0	0	1	0		
28.93758697	1431.51971	-999.999	0	0	1	0		
30.93758697	1431.543387	-999.999	0	0	1	0		
32.93758697	1431.557444	-999.999	0	0	1	0		
34.93758697	1431.568527	-999.999	0	0	1	0		
36.93758697	1431.570718	-999.999	0	0	1	0		
38.93758697	1431.711991	-999.999	0	0	1	0		
40.93758697	1431.941408	-999.999	0	0	1	0		
42.93758697	1432.283916	-999.999	0	0	1	0		
44.93758697	1432.901536	-999.999	0	0	1	0		
46.93758697	1433.466507	-999.999	0	0	1	0		
48.93758697	1434.028512	-999.999	0	0	1	0		
49.93758697	1434.334778	-999.999	0	0	1	0		
51.93758697	1435.061523	-999.999	0	0	1	0		
52.93758697	1435.513441	-999.999	0	0	1	0		
54.93758697	1436.634361	-999.999	0	0	1	0		
56.93758697	1438.034302	-999.999	0	0	1	0		
58.93758697	1439.49841	-999.999	0	0	1	0		
60.93758697	1440.812825	-999.999	0	0	1	0		
62.93758697	1441.804934	-999.999	0	0	1	0		
64.93758697	1442.408399	-999.999	0	0	1	0		
66.93758697	1442.722269	-999.999	0	0	1	0		
68.93758697	1442.820889	-999.999	0	0	1	0		
70.93758697	1442.785649	-999.999	0	0	1	0		
71.93758697	1442.75183	-999.999	0	0	1	0		
73.93758697	1442.650715	-999.999	0	0	1	0		
74.93758697	1442.581884	-999.999	0	0	1	0		
76.93758697	1442.461239	-999.999	0	0	1	0		
78.93758697	1442.32869	-999.999	0	0	1	0		
80.93758697	1442.205691	-999.999	0	0	1	0		
82.93758697	1442.079059	-999.999	0	0	1	0		
84.93758697	1441.935145	-999.999	0	0	1	0		
86.93758697	1441.788982	-999.999	0	0	1	0		
88.93758697	1441.640412	-999.999	0	0	1	0		
90.93758697	1441.50471	-999.999	0	0	1	0		
91.93758697	1441.441976	-999.999	0	0	1	0		
93.93758697	1441.311344	-999.999	0	0	1	0		
94.93758697	1441.241489	-999.999	0	0	1	0		
96.93758697	1441.115127	-999.999	0	0	1	0		
97.93758697	1441.063337	-999.999	0	0	1	0		
99.93758697	1440.95722	-999.999	0	0	1	0		
101.937587	1440.863771	-999.999	0	0	1	0		
103.937587	1440.790894	-999.999	0	0	1	0		
105.937587	1440.728108	-999.999	0	0	1	0		
107.937587	1440.676586	-999.999	0	0	1	0		
109.937587	1440.63798	-999.999	0	0	1	0		
110.937587	1440.621728	-999.999	0	0	1	0		
112.937587	1440.603399	-999.999	0	0	1	0		
113.937587	1440.598844	-999.999	0	0	1	0		
115.937587	1440.599696	-999.999	0	0	1	0		
117.937587	1440.611911	-999.999	0	0	1	0		
119.937587	1440.634836	-999.999	0	0	1	0		
121.937587	1440.664318	-999.999	0	0	1	0		
123.937587	1440.696499	-999.999	0	0	1	0		
125.937587	1440.743793	-999.999	0	0	1	0		
127.937587	1440.801468	-999.999	0	0	1	0		
128.937587	1440.830528	-999.999	0	0	1	0		
130.937587	1440.887247	-999.999	0	0	1	0		
131.937587	1440.915157	-999.999	0	0	1	0		
133.937587	1440.963967	-999.999	0	0	1	0		
135.937587	1441.013402	-999.999	0	0	1	0		
137.937587	1441.058775	-999.999	0	0	1	0		
139.937587	1441.098122	-999.999	0	0	1	0		
141.937587	1441.138418	-999.999	0	0	1	0		
143.937587	1441.180931	-999.999	0	0	1	0		
145.937587	1441.224089	-999.999	0	0	1	0		
146.937587	1441.245492	-999.999	0	0	1	0		
148.937587	1441.288882	-999.999	0	0	1	0		
149.937587	1441.312071	-999.999	0	0	1	0		
151.937587	1441.35612	-999.999	0	0	1	0		
153.937587	1441.398969	-999.999	0	0	1	0		
155.937587	1441.440701	-999.999	0	0	1	0		
157.937587	1441.480405	-999.999	0	0	1	0		
159.937587	1441.516732	-999.999	0	0	1	0		
161.937587	1441.551398	-999.999	0	0	1	0		
163.937587	1441.584002	-999.999	0	0	1	0		
164.937587	1441.599691	-999.999	0	0	1	0		
166.937587	1441.629904	-999.999	0	0	1	0		
167.937587	1441.644427	-999.999	0	0	1	0		
169.937587	1441.67293	-999.999	0	0	1	0		
171.937587	1441.698629	-999.999	0	0	1	0		
173.937587	1441.722728	-999.999	0	0	1	0		
175.937587	1441.748491	-999.999	0	0	1	0		
177.937587	1441.774161	-999.999	0	0	1	0		
179.937587	1441.802602	-999.999	0	0	1	0		
180.937587	1441.816972	-999.999	0	0	1	0		
182.937587	1441.844631	-999.999	0	0	1	0		
183.937587	1441.857488	-999.999	0	0	1	0		
185.937587	1441.888861	-999.999	0	0	1	0		
186.937587	1441.908454	-999.999	0	0	1	0		
188.937587	1441.946674	-999.999	0	0	1	0		
190.937587	1441.986128	-999.999	0	0	1	0		
192.937587	1442.026338	-999.999	0	0	1	0		
194.937587	1442.066861	-999.999	0	0	1	0		
196.937587	1442.109467	-999.999	0	0	1	0		
197.937587	1442.135101	-999.999	0	0	1	0		
199.937587	1442.185743	-999.999	0	0	1	0		
200.937587	1442.213028	-999.999	0	0	1	0		
202.937587	1442.266905	-999.999	0	0	1	0		
204.937587	1442.322691	-999.999	0	0	1	0		
206.937587	1442.381052	-999.999	0	0	1	0		
208.937587	1442.443548	-999.999	0	0	1	0		
210.937587	1442.510395	-999.999	0	0	1	0		
212.937587	1442.582937	-999.999	0	0	1	0		
214.937587	1442.662813	-999.999	0	0	1	0		
215.937587	1442.704694	-999.999	0	0	1	0		
217.937587	1442.793516	-999.999	0	0	1	0		
218.937587	1442.841608	-999.999	0	0	1	0		
220.937587	1442.943557	-999.999	0	0	1	0		
222.937587	1443.057493	-999.999	0	0	1	0		
224.937587	1443.183466	-999.999	0	0	1	0		
226.937587	1443.319962	-999.999	0	0	1	0		
228.937587	1443.463439	-999.999	0	0	1	0		
230.937587	1443.615483	-999.999	0	0	1	0		
232.937587	1443.772764	-999.999	0	0	1	0		
233.937587	1443.851138	-999.999	0	0	1	0		
235.937587	1444.005975	-999.999	0	0	1	0		
236.937587	1444.086796	-999.999	0	0	1	0		
238.937587	1444.250549	-999.999	0	0	1	0		
240.937587	1444.418391	-999.999	0	0	1	0		
242.937587	1444.5905	-999.999	0	0	1	0		
244.937587	1444.675336	-999.999	0	0	1	0		
246.937587	1444.762341	-999.999	0	0	1	0		
248.937587	1444.9	-999.999	0	0	1	0		
250.937587	1445.1	-999.999	0	0	1	0		
254.937587	1445.3	-999.999	0	0	1	0		
259.937587	1445.5	-999.999	0	0	1	0		
265.937587	1445.714751	-999.999	0	0	1	0		
272.937587	1446.175767	-999.999	0	0	1	0		
279.937587	1446.919335	-999.999	0	0	1	0		
286.937587	1447.614986	-999.999	0	0	1	0		
294.937587	1448.419925	-999.999	0	0	1	0		
301.937587	1449.152493	-999.999	0	0	1	0		
309.937587	1450.025469	-999.999	0	0	1	0		
316.937587	1450.768934	-999.999	0	0	1	0		
323.937587	1451.509066	-999.999	0	0	1	0		
331.937587	1452.299307	-999.999	0	0	1	0		
338.937587	1452.948058	-999.999	0	0	1	0		
346.937587	1453.584152	-999.999	0	0	1	0		
353.937587	1454.086216	-999.999	0	0	1	0		
360.937587	1454.590453	-999.999	0	0	1	0		
367.937587	1455.035506	-999.999	0	0	1	0		
374.937587	1455.454398	-999.999	0	0	1	0		
382.937587	1455.88691	-999.999	0	0	1	0		
389.937587	1456.223569	-999.999	0	0	1	0		
396.937587	1456.521475	-999.999	0	0	1	0		
404.937587	1456.832352	-999.999	0	0	1	0		
411.937587	1457.091268	-999.999	0	0	1	0		
419.937587	1457.375896	-999.999	0	0	1	0		
426.937587	1457.605209	-999.999	0	0	1	0		
433.937587	1457.814856	-999.999	0	0	1	0		
440.937587	1457.999333	-999.999	0	0	1	0		
447.937587	1458.179116	-999.999	0	0	1	0		
454.937587	1458.355457	-999.999	0	0	1	0		
461.937587	1458.525338	-999.999	0	0	1	0		
469.937587	1458.706748	-999.999	0	0	1	0		
476.937587	1458.844479	-999.999	0	0	1	0		
483.937587	1458.958981	-999.999	0	0	1	0		
491.937587	1459.235985	-999.999	0	0	1	0		
498.937587	1459.336548	-999.999	0	0	1	0		
506.937587	1459.443104	-999.999	0	0	1	0		
513.937587	1459.539061	-999.999	0	0	1	0		
520.937587	1459.611618	-999.999	0	0	1	0		
527.937587	1459.703638	-999.999	0	0	1	0		
534.937587	1459.787872	-999.999	0	0	1	0		
542.937587	1459.885034	-999.999	0	0	1	0		
549.937587	1459.951095	-999.999	0	0	1	0		
557.937587	1460.038477	-999.999	0	0	1	0		
564.937587	1460.103305	-999.999	0	0	1	0		
572.937587	1460.536101	-999.999	0	0	1	0		
579.937587	1460.913977	-999.999	0	0	1	0		
587.937587	1461.020385	-999.999	0	0	1	0		
594.937587	1461.081644	-999.999	0	0	1	0		
601.937587	1461.139063	-999.999	0	0	1	0		
609.937587	1461.20272	-999.999	0	0	1	0		
616.937587	1461.256199	-999.999	0	0	1	0		
624.937587	1461.338665	-999.999	0	0	1	0		
631.937587	1461.468401	-999.999	0	0	1	0		
639.937587	1461.547009	-999.999	0	0	1	0		
647.937587	1461.626096	-999.999	0	0	1	0		
654.937587	1461.695064	-999.999	0	0	1	0		
662.937587	1461.773312	-999.999	0	0	1	0		
670.937587	1461.849688	-999.999	0	0	1	0		
677.937587	1461.918721	-999.999	0	0	1	0		
684.937587	1461.98662	-999.999	0	0	1	0		
692.937587	1462.070279	-999.999	0	0	1	0		
700.937587	1462.149268	-999.999	0	0	1	0		
708.937587	1462.228813	-999.999	0	0	1	0		
716.937587	1462.310106	-999.999	0	0	1	0		
723.937587	1462.379684	-999.999	0	0	1	0		
731.937587	1462.456795	-999.999	0	0	1	0		
735.937587	1462.502675	-999.999	0	0	1	0		
739.937587	1462.534195	-999.999	0	0	1	0		
740.3138	1462.537957	-999.999	0	0	1	0		
742.3532	1462.558351	-999.999	0	0	1	0		
744.3927	1462.578746	-999.999	0	0	1	0		
746.4321	1462.59914	-999.999	0	0	1	0		
748.4715	1462.619534	-999.999	0	0	1	0		
750.511	1462.639929	-999.999	0	0	1	0		
752.5504	1462.660323	-999.999	0	0	1	0		
754.5898	1462.680717	-999.999	0	0	1	0		
756.6293	1462.701112	-999.999	0	0	1	0		
758.6687	1462.721506	-999.999	0	0	1	0		
760.7081	1462.7419	-999.999	0	0	1	0		
762.7476	1462.762295	-999.999	0	0	1	0		
764.787	1462.782689	-999.999	0	0	1	0		
766.8264	1462.803083	-999.999	0	0	1	0		
768.8659	1462.823478	-999.999	0	0	1	0		
770.9053	1462.843872	-999.999	0	0	1	0		
800	1463.134819	-999.999	0	0	1	0		
900	1464.134819	-999.999	0	0	1	0		
1000	1465.134819	-999.999	0	0	1	0		
1100	1466.134819	-999.999	0	0	1	0		
1200	1467.134819	-999.999	0	0	1	0		
1300	1468.134819	-999.999	0	0	1	0		
1400	1469.134819	-999.999	0	0	1	0		
1500	1470.134819	-999.999	0	0	1	0		
1600	1471.134819	-999.999	0	0	1	0		
1700	1472.134819	-999.999	0	0	1	0		
1800	1473.134819	-999.999	0	0	1	0		
1900	1474.134819	-999.999	0	0	1	0		
2000	1475.134819	-999.999	0	0	1	0		
2100	1476.134819	-999.999	0	0	1	0		
2200	1477.134819	-999.999	0	0	1	0		
2300	1478.134819	-999.999	0	0	1	0		
2400	1479.134819	-999.999	0	0	1	0		
2500	1480.134819	-999.999	0	0	1	0		
2600	1481.134819	-999.999	0	0	1	0		
2700	1482.134819	-999.999	0	0	1	0		
2800	1483.134819	-999.999	0	0	1	0		
2900	1484.134819	-999.999	0	0	1	0		
3000	1485.134819	-1485.134819	0	0	1	0		
3000	2200	1500	0.5	0.5	2.9	0		

56
5 0 0 1 -1
15 0 0 1 -1
25 0 0 1 -1
35 0 0 1 -1
45 0 0 1 -1
55 0 0 1 -1
65 0 0 1 -1
75 0 0 1 -1
85 0 0 1 -1
95 0 0 1 -1
105 0 0 1 -1
115 0 0 1 -1
125 0 0 1 -1
135 0 0 1 -1
145 0 0 1 -1
155 0 0 1 -1
165 0 0 1 -1
175 0 0 1 -1
185 0 0 1 -1
195 0 0 1 -1
205 0 0 1 -1
215 0 0 1 -1
225 0 0 1 -1
235 0 0 1 -1
245 0 0 1 -1
255 0 0 1 -1
265 0 0 1 -1
275 0 0 1 -1
285 0 0 1 -1
295 0 0 1 -1
305 0 0 1 -1
325 0 0 1 -1
340 0 0 1 -1
360 0 0 1 -1
380 0 0 1 -1
400 0 0 1 -1
420 0 0 1 -1
440 0 0 1 -1
460 0 0 1 -1
480 0 0 1 -1
500 0 0 1 -1
520 0 0 1 -1
540 0 0 1 -1
560 0 0 1 -1
580 0 0 1 -1
600 0 0 1 -1
620 0 0 1 -1
640 0 0 1 -1
660 0 0 1 -1
680 0 0 1 -1
700 0 0 1 -1
720 0 0 1 -1
740 0 0 1 -1
760 0 0 1 -1
780 0 0 1 -1
800 0 0 1 -1

80 0 0 0

1300 1500
400 20000 400

1400 1600 5 10 
0 4000 5 100
								